{
    "aimRedirectMax": 4.0,
    "aimRedirectMin": 4.0,
    "bounceGravity": -9.800000190734863,
    "bounceHeight": 1.5,
    "bounceRestitution": 0.699999988079071,
    "countdownSec": 3.0,
    "coverCount": 3,
    "coverHalfX": 1.5,
    "coverHalfY": 2.0,
    "coverHalfZ": 0.4000000059604645,
    "freeOrbitSpeed": 5.0,
    "gameMode": 3,
    "gridCenterY": 3.0,
    "gridCenterZ": -12.0,
    "gridRadius": 0.3499999940395355,
    "gridSpacing": 2.0,
    "jumpEnabled": true,
    "mouseSensX": 0.15000000596046448,
    "mouseSensY": 0.15000000596046448,
    "pillarHeight": 2.5,
    "pillarRadius": 0.25,
    "pillarSpeed": 4.0,
    "roundDuration": 60.0,
    "strafeSpeedMode": 0,
    "targetBaseZ": -10.0,
    "targetBoundX": 8.0,
    "targetBoundZ": 7.0,
    "targetMaxSpeed": 6.099999904632568,
    "targetMinSpeed": 5.099999904632568,
    "targetModel": 0,
    "targetRadius": 0.44999998807907104
}