{
    "aimRedirectMax": 4.0,
    "aimRedirectMin": 4.0,
    "mouseSensX": 0.15000000596046448,
    "mouseSensY": 0.15000000596046448,
    "targetMaxSpeed": 6.0,
    "targetMinSpeed": 2.0,
    "targetModel": 0,
    "targetRadius": 0.44999998807907104
}